
         .8.       8 8888      88 8888888 8888888888 8 8888        8
        .888.      8 8888      88       8 8888       8 8888        8
       :88888.     8 8888      88       8 8888       8 8888        8
      . `88888.    8 8888      88       8 8888       8 8888        8
     .8. `88888.   8 8888      88       8 8888       8 8888        8
    .8`8. `88888.  8 8888      88       8 8888       8 8888        8
   .8' `8. `88888. 8 8888      88       8 8888       8 8888888888888
  .8'   `8. `88888.` 8888     ,8P       8 8888       8 8888        8
 .888888888. `88888. 8888   ,d8P        8 8888       8 8888        8
.8'       `8. `88888. `Y88888P'         8 8888       8 8888        8

